0 0.000148697
0.02 0.000461323
0.04 0.00140922
0.06 0.00531162
0.08 0.0253333
0.1 0.118175
0.12 0.220553
0.14 0.297345
0.16 0.35509
0.18 0.400761
0.2 0.437609
0.22 0.467779
0.24 0.492883
0.26 0.513375
0.28 0.531199
0.3 0.546617
0.32 0.559668
0.34 0.571213
0.36 0.580754
0.38 0.589649
0.4 0.597587
0.42 0.604492
0.44 0.61063
0.46 0.615948
0.48 0.620697
0.5 0.624959
0.52 0.628771
0.54 0.632679
0.56 0.635721
0.58 0.638546
0.6 0.641257
0.62 0.643409
0.64 0.64525
0.66 0.647299
0.68 0.649207
0.7 0.650879
0.72 0.651894
0.74 0.653497
0.76 0.654758
0.78 0.655739
0.8 0.656509
0.82 0.657546
0.84 0.658419
0.86 0.659267
0.88 0.65973
0.9 0.66044
0.92 0.661148
0.94 0.661551
0.96 0.661949
0.98 0.662592
1 0.66295
