0 0.00112625
0.02 0.0913066
0.04 0.473371
0.06 0.675303
0.08 0.744737
0.1 0.791611
0.12 0.818641
0.14 0.837972
0.16 0.852529
0.18 0.8622
0.2 0.871752
0.22 0.878778
0.24 0.88301
0.26 0.887988
0.28 0.891074
0.3 0.893471
0.32 0.896742
0.34 0.898749
0.36 0.899523
0.38 0.901639
0.4 0.902461
0.42 0.904477
0.44 0.904533
0.46 0.905852
0.48 0.905631
0.5 0.905936
0.52 0.90798
0.54 0.906762
0.56 0.907728
0.58 0.908401
0.6 0.907776
0.62 0.908737
0.64 0.90818
0.66 0.908878
0.68 0.90921
0.7 0.910016
0.72 0.908569
0.74 0.908814
0.76 0.91008
0.78 0.910533
0.8 0.90903
0.82 0.909086
0.84 0.908381
0.86 0.909114
0.88 0.908673
0.9 0.908922
0.92 0.90994
0.94 0.909856
0.96 0.909182
0.98 0.909679
1 0.909098
