0 0.00316072
0.02 0.0223032
0.04 0.161596
0.06 0.299081
0.08 0.400249
0.1 0.475363
0.12 0.530929
0.14 0.574241
0.16 0.607497
0.18 0.634522
0.2 0.655898
0.22 0.675452
0.24 0.689768
0.26 0.703541
0.28 0.714182
0.3 0.724023
0.32 0.732492
0.34 0.740116
0.36 0.74602
0.38 0.752075
0.4 0.756773
0.42 0.76107
0.44 0.765297
0.46 0.768899
0.48 0.772349
0.5 0.775403
0.52 0.77817
0.54 0.780339
0.56 0.782151
0.58 0.784148
0.6 0.78594
0.62 0.787632
0.64 0.789121
0.66 0.789981
0.68 0.791631
0.7 0.792387
0.72 0.793088
0.74 0.794017
0.76 0.794961
0.78 0.79552
0.8 0.796014
0.82 0.79665
0.84 0.796915
0.86 0.797713
0.88 0.797749
0.9 0.79835
0.92 0.798676
0.94 0.798788
0.96 0.798959
0.98 0.799179
1 0.799446
