0 0.0030493
0.02 0.0256094
0.04 0.178942
0.06 0.296264
0.08 0.378033
0.1 0.437481
0.12 0.48341
0.14 0.520821
0.16 0.550245
0.18 0.575568
0.2 0.597872
0.22 0.615713
0.24 0.631666
0.26 0.645149
0.28 0.65778
0.3 0.669409
0.32 0.678623
0.34 0.687729
0.36 0.695187
0.38 0.702901
0.4 0.709275
0.42 0.715325
0.44 0.721132
0.46 0.726047
0.48 0.730439
0.5 0.734866
0.52 0.739327
0.54 0.742623
0.56 0.746386
0.58 0.74954
0.6 0.752501
0.62 0.755395
0.64 0.757939
0.66 0.760493
0.68 0.76306
0.7 0.764857
0.72 0.766933
0.74 0.769037
0.76 0.77073
0.78 0.772244
0.8 0.774445
0.82 0.775755
0.84 0.777463
0.86 0.778741
0.88 0.780162
0.9 0.781287
0.92 0.782458
0.94 0.783589
0.96 0.784887
0.98 0.786302
1 0.787232
