0 0
0.02 0
0.04 0
0.06 0
0.08 0
0.1 0
0.12 0.00148697
0.14 0.0542244
0.16 0.14008
0.18 0.201675
0.2 0.251916
0.22 0.291058
0.24 0.325459
0.26 0.350597
0.28 0.377343
0.3 0.397451
0.32 0.413579
0.34 0.430754
0.36 0.445952
0.38 0.45705
0.4 0.467876
0.42 0.476273
0.44 0.486846
0.46 0.493876
0.48 0.500946
0.5 0.507804
0.52 0.512862
0.54 0.517387
0.56 0.521788
0.58 0.527567
0.6 0.529635
0.62 0.534441
0.64 0.538108
0.66 0.539816
0.68 0.543595
0.7 0.545275
0.72 0.54812
0.74 0.549924
0.76 0.552325
0.78 0.553467
0.8 0.555864
0.82 0.557635
0.84 0.557435
0.86 0.558918
0.88 0.560301
0.9 0.561627
0.92 0.561868
0.94 0.562477
0.96 0.563908
0.98 0.564421
1 0.564685
