0 0.000154309
0.02 0.000738878
0.04 0.00696914
0.06 0.0848002
0.08 0.161635
0.1 0.220124
0.12 0.267471
0.14 0.306797
0.16 0.339007
0.18 0.367513
0.2 0.392249
0.22 0.413668
0.24 0.43204
0.26 0.448503
0.28 0.464571
0.3 0.477726
0.32 0.490033
0.34 0.501166
0.36 0.511395
0.38 0.520999
0.4 0.530049
0.42 0.538085
0.44 0.545325
0.46 0.552578
0.48 0.558728
0.5 0.5651
0.52 0.570523
0.54 0.57613
0.56 0.58089
0.58 0.585709
0.6 0.590438
0.62 0.594346
0.64 0.597967
0.66 0.601687
0.68 0.605053
0.7 0.608801
0.72 0.611653
0.74 0.614736
0.76 0.617841
0.78 0.620317
0.8 0.622849
0.82 0.625009
0.84 0.627377
0.86 0.629639
0.88 0.631677
0.9 0.633664
0.92 0.635763
0.94 0.637137
0.96 0.639332
0.98 0.640708
1 0.642385
