0 0.00117435
0.02 0.156505
0.04 0.512357
0.06 0.655627
0.08 0.723186
0.1 0.766802
0.12 0.799094
0.14 0.817234
0.16 0.834553
0.18 0.845118
0.2 0.855912
0.22 0.864096
0.24 0.87006
0.26 0.875266
0.28 0.879559
0.3 0.883768
0.32 0.888529
0.34 0.890317
0.36 0.893271
0.38 0.89392
0.4 0.895171
0.42 0.896685
0.44 0.898525
0.46 0.899808
0.48 0.900437
0.5 0.901371
0.52 0.902469
0.54 0.903539
0.56 0.904978
0.58 0.904637
0.6 0.90493
0.62 0.905808
0.64 0.904962
0.66 0.906745
0.68 0.905771
0.7 0.907431
0.72 0.908168
0.74 0.907531
0.76 0.907271
0.78 0.907872
0.8 0.907675
0.82 0.90703
0.84 0.90798
0.86 0.908886
0.88 0.907908
0.9 0.90929
0.92 0.909102
0.94 0.908525
0.96 0.909243
0.98 0.909218
1 0.908786
