0 1.80361e-06
0.02 1.12224e-05
0.04 0.000163126
0.06 0.00232485
0.08 0.0401615
0.1 0.101485
0.12 0.145979
0.14 0.183438
0.16 0.214929
0.18 0.243067
0.2 0.266812
0.22 0.288343
0.24 0.308173
0.26 0.325271
0.28 0.340565
0.3 0.355101
0.32 0.368242
0.34 0.38052
0.36 0.391309
0.38 0.401308
0.4 0.411205
0.42 0.420406
0.44 0.42849
0.46 0.436428
0.48 0.443891
0.5 0.45056
0.52 0.456909
0.54 0.463131
0.56 0.46913
0.58 0.474217
0.6 0.479778
0.62 0.484596
0.64 0.489176
0.66 0.49346
0.68 0.497627
0.7 0.501587
0.72 0.505651
0.74 0.50913
0.76 0.512811
0.78 0.516273
0.8 0.519175
0.82 0.52216
0.84 0.525127
0.86 0.527813
0.88 0.530592
0.9 0.532985
0.92 0.535342
0.94 0.537587
0.96 0.540209
0.98 0.542284
1 0.54452
