0 0.00313948
0.02 0.00945531
0.04 0.0349802
0.06 0.134615
0.08 0.326424
0.1 0.465661
0.12 0.551425
0.14 0.606235
0.16 0.645479
0.18 0.675901
0.2 0.696842
0.22 0.714375
0.24 0.728747
0.26 0.739916
0.28 0.749022
0.3 0.757165
0.32 0.763145
0.34 0.768654
0.36 0.772978
0.38 0.777244
0.4 0.781121
0.42 0.783212
0.44 0.785864
0.46 0.788055
0.48 0.789854
0.5 0.791691
0.52 0.79284
0.54 0.794102
0.56 0.795127
0.58 0.795751
0.6 0.796527
0.62 0.797353
0.64 0.79771
0.66 0.798354
0.68 0.798275
0.7 0.798849
0.72 0.798921
0.74 0.798911
0.76 0.799264
0.78 0.799618
0.8 0.799431
0.82 0.799562
0.84 0.799655
0.86 0.799755
0.88 0.799957
0.9 0.79992
0.92 0.799876
0.94 0.800058
0.96 0.8
0.98 0.799862
1 0.799987
