0 0.00125852
0.02 0.250256
0.04 0.506962
0.06 0.6341
0.08 0.705716
0.1 0.752449
0.12 0.783447
0.14 0.8042
0.16 0.82188
0.18 0.833775
0.2 0.845471
0.22 0.853655
0.24 0.861399
0.26 0.868473
0.28 0.872505
0.3 0.876677
0.32 0.88085
0.34 0.885924
0.36 0.888361
0.38 0.891046
0.4 0.892882
0.42 0.894589
0.44 0.89608
0.46 0.898124
0.48 0.898737
0.5 0.900541
0.52 0.90079
0.54 0.902297
0.56 0.902942
0.58 0.904028
0.6 0.905086
0.62 0.905695
0.64 0.905571
0.66 0.906192
0.68 0.907254
0.7 0.907427
0.72 0.907768
0.74 0.907599
0.76 0.907627
0.78 0.907182
0.8 0.907916
0.82 0.908277
0.84 0.909294
0.86 0.908661
0.88 0.909655
0.9 0.90994
0.92 0.908369
0.94 0.909731
0.96 0.90984
0.98 0.909098
1 0.909234
