0 0.00317455
0.02 0.0109022
0.04 0.0614653
0.06 0.239304
0.08 0.385937
0.1 0.480662
0.12 0.546374
0.14 0.592115
0.16 0.62633
0.18 0.653958
0.2 0.675195
0.22 0.693168
0.24 0.707459
0.26 0.719086
0.28 0.729883
0.3 0.7378
0.32 0.745106
0.34 0.751029
0.36 0.756916
0.38 0.762008
0.4 0.766045
0.42 0.769822
0.44 0.772725
0.46 0.776058
0.48 0.778401
0.5 0.780429
0.52 0.782641
0.54 0.784531
0.56 0.785978
0.58 0.787612
0.6 0.788637
0.62 0.78994
0.64 0.790984
0.66 0.791895
0.68 0.792598
0.7 0.793554
0.72 0.793863
0.74 0.794351
0.76 0.795201
0.78 0.795862
0.8 0.796198
0.82 0.796509
0.84 0.796717
0.86 0.797203
0.88 0.797718
0.9 0.797806
0.92 0.798198
0.94 0.798355
0.96 0.798493
0.98 0.798589
1 0.799028
