0 0
0.02 0
0.04 0
0.06 0
0.08 0
0.1 0
0.12 0
0.14 0
0.16 7.21443e-05
0.18 0.00648096
0.2 0.0488216
0.22 0.171351
0.24 0.264469
0.26 0.324794
0.28 0.361579
0.3 0.395507
0.32 0.416778
0.34 0.434232
0.36 0.453792
0.38 0.468096
0.4 0.480365
0.42 0.492144
0.44 0.500657
0.46 0.509603
0.48 0.516473
0.5 0.521431
0.52 0.528353
0.54 0.532549
0.56 0.538749
0.58 0.540217
0.6 0.545579
0.62 0.548429
0.64 0.549619
0.66 0.55319
0.68 0.555459
0.7 0.55816
0.72 0.558725
0.74 0.56119
0.76 0.561695
0.78 0.563014
0.8 0.563932
0.82 0.564529
0.84 0.566092
0.86 0.56618
0.88 0.567162
0.9 0.568204
0.92 0.567948
0.94 0.568946
0.96 0.569086
0.98 0.570204
1 0.569082
