0 0.00013988
0.02 0.000632665
0.04 0.00558176
0.06 0.0640615
0.08 0.142645
0.1 0.21221
0.12 0.270019
0.14 0.319947
0.16 0.361091
0.18 0.397179
0.2 0.427893
0.22 0.453319
0.24 0.476337
0.26 0.496473
0.28 0.513283
0.3 0.528303
0.32 0.542022
0.34 0.55393
0.36 0.564512
0.38 0.573856
0.4 0.58227
0.42 0.590096
0.44 0.596842
0.46 0.603082
0.48 0.609087
0.5 0.614054
0.52 0.618885
0.54 0.623056
0.56 0.626988
0.58 0.630524
0.6 0.633887
0.62 0.636602
0.64 0.639492
0.66 0.641911
0.68 0.644148
0.7 0.646257
0.72 0.648372
0.74 0.649856
0.76 0.651403
0.78 0.652793
0.8 0.654461
0.82 0.65552
0.84 0.656603
0.86 0.657715
0.88 0.658285
0.9 0.659263
0.92 0.660216
0.94 0.660703
0.96 0.661731
0.98 0.662032
1 0.662669
