0 0
0.02 0
0.04 0
0.06 0
0.08 0.00838477
0.1 0.0793467
0.12 0.126521
0.14 0.170705
0.16 0.20824
0.18 0.244176
0.2 0.274818
0.22 0.305643
0.24 0.3279
0.26 0.350818
0.28 0.369836
0.3 0.387976
0.32 0.404806
0.34 0.417311
0.36 0.433487
0.38 0.44218
0.4 0.453194
0.42 0.464822
0.44 0.473816
0.46 0.481956
0.48 0.488593
0.5 0.495106
0.52 0.502713
0.54 0.507299
0.56 0.514192
0.58 0.51788
0.6 0.521731
0.62 0.525527
0.64 0.530393
0.66 0.534257
0.68 0.536529
0.7 0.539062
0.72 0.54214
0.74 0.543876
0.76 0.547932
0.78 0.548902
0.8 0.549796
0.82 0.552284
0.84 0.553776
0.86 0.555086
0.88 0.557651
0.9 0.559259
0.92 0.558882
0.94 0.559543
0.96 0.562092
0.98 0.562433
1 0.564124
