0 0.000141283
0.02 0.000395992
0.04 0.00110661
0.06 0.00289339
0.08 0.00789058
0.1 0.0228236
0.12 0.0722405
0.14 0.181619
0.16 0.301499
0.18 0.378778
0.2 0.43304
0.22 0.470925
0.24 0.503049
0.26 0.527139
0.28 0.547147
0.3 0.564031
0.32 0.578025
0.34 0.590217
0.36 0.599635
0.38 0.608831
0.4 0.61606
0.42 0.622538
0.44 0.628291
0.46 0.633317
0.48 0.637933
0.5 0.641609
0.52 0.644443
0.54 0.647234
0.56 0.650205
0.58 0.652402
0.6 0.654237
0.62 0.656177
0.64 0.657592
0.66 0.658551
0.68 0.65971
0.7 0.661071
0.72 0.661827
0.74 0.662409
0.76 0.663142
0.78 0.663739
0.8 0.664316
0.82 0.664329
0.84 0.664834
0.86 0.665167
0.88 0.665415
0.9 0.66564
0.92 0.665914
0.94 0.665826
0.96 0.666097
0.98 0.666231
1 0.666311
