0 0.00107415
0.02 0.116918
0.04 0.356096
0.06 0.501094
0.08 0.592497
0.1 0.657254
0.12 0.701856
0.14 0.73204
0.16 0.7602
0.18 0.780136
0.2 0.79422
0.22 0.808321
0.24 0.820826
0.26 0.830942
0.28 0.839154
0.3 0.847223
0.32 0.853367
0.34 0.85998
0.36 0.863627
0.38 0.869671
0.4 0.872453
0.42 0.876152
0.44 0.880529
0.46 0.881587
0.48 0.883491
0.5 0.88715
0.52 0.887571
0.54 0.892248
0.56 0.892677
0.58 0.89408
0.6 0.895643
0.62 0.898569
0.64 0.898842
0.66 0.898273
0.68 0.901038
0.7 0.901647
0.72 0.90293
0.74 0.902962
0.76 0.904746
0.78 0.905671
0.8 0.905856
0.82 0.906409
0.84 0.906814
0.86 0.906188
0.88 0.90707
0.9 0.907868
0.92 0.908152
0.94 0.90794
0.96 0.90907
0.98 0.909856
1 0.908589
