0 0.00312585
0.02 0.0108196
0.04 0.064505
0.06 0.164848
0.08 0.25495
0.1 0.329733
0.12 0.394085
0.14 0.44645
0.16 0.4893
0.18 0.525327
0.2 0.556131
0.22 0.582709
0.24 0.604559
0.26 0.624316
0.28 0.641732
0.3 0.656643
0.32 0.670106
0.34 0.682425
0.36 0.692931
0.38 0.701767
0.4 0.710673
0.42 0.71829
0.44 0.725328
0.46 0.73157
0.48 0.737594
0.5 0.742483
0.52 0.74715
0.54 0.75195
0.56 0.756025
0.58 0.760133
0.6 0.763136
0.62 0.766485
0.64 0.769903
0.66 0.772366
0.68 0.774815
0.7 0.776983
0.72 0.779406
0.74 0.781225
0.76 0.783545
0.78 0.784654
0.8 0.786353
0.82 0.78767
0.84 0.788764
0.86 0.790359
0.88 0.791535
0.9 0.792541
0.92 0.793372
0.94 0.794034
0.96 0.794926
0.98 0.79586
1 0.796385
