0 0
0.02 0
0.04 0
0.06 0
0.08 0
0.1 0
0.12 0
0.14 0
0.16 0
0.18 0.00146693
0.2 0.0417194
0.22 0.0939319
0.24 0.135659
0.26 0.181535
0.28 0.214629
0.3 0.247908
0.32 0.273034
0.34 0.293928
0.36 0.318553
0.38 0.336553
0.4 0.353355
0.42 0.36903
0.44 0.384609
0.46 0.395651
0.48 0.408601
0.5 0.420473
0.52 0.429884
0.54 0.441607
0.56 0.450637
0.58 0.459415
0.6 0.46612
0.62 0.474874
0.64 0.479655
0.66 0.488902
0.68 0.492685
0.7 0.49992
0.72 0.505747
0.74 0.509311
0.76 0.513483
0.78 0.517751
0.8 0.520284
0.82 0.526212
0.84 0.528533
0.86 0.532445
0.88 0.534281
0.9 0.539206
0.92 0.54107
0.94 0.542818
0.96 0.546509
0.98 0.549275
1 0.551387
