0 0.00129058
0.02 0.104737
0.04 0.320637
0.06 0.45295
0.08 0.537479
0.1 0.60315
0.12 0.651323
0.14 0.684625
0.16 0.71614
0.18 0.737884
0.2 0.756096
0.22 0.772132
0.24 0.786224
0.26 0.799603
0.28 0.812048
0.3 0.819395
0.32 0.826361
0.34 0.836052
0.36 0.84289
0.38 0.847239
0.4 0.851728
0.42 0.85705
0.44 0.861932
0.46 0.866136
0.48 0.868717
0.5 0.871712
0.52 0.87479
0.54 0.87598
0.56 0.880297
0.58 0.88214
0.6 0.884717
0.62 0.886204
0.64 0.887523
0.66 0.88875
0.68 0.891836
0.7 0.893359
0.72 0.8939
0.74 0.895984
0.76 0.897375
0.78 0.898894
0.8 0.899255
0.82 0.900509
0.84 0.899748
0.86 0.902329
0.88 0.902621
0.9 0.903583
0.92 0.905235
0.94 0.904637
0.96 0.905459
0.98 0.905712
1 0.906946
