0 0
0.02 0
0.04 0
0.06 0
0.08 0
0.1 0.000242485
0.12 0.00399399
0.14 0.0573627
0.16 0.138665
0.18 0.204772
0.2 0.253581
0.22 0.304816
0.24 0.34194
0.26 0.372669
0.28 0.401914
0.3 0.428497
0.32 0.449535
0.34 0.46822
0.36 0.487044
0.38 0.500659
0.4 0.514309
0.42 0.527072
0.44 0.539142
0.46 0.548639
0.48 0.559839
0.5 0.567886
0.52 0.575086
0.54 0.581149
0.56 0.588242
0.58 0.594886
0.6 0.60009
0.62 0.604812
0.64 0.609665
0.66 0.613355
0.68 0.617758
0.7 0.62124
0.72 0.625982
0.74 0.627583
0.76 0.630411
0.78 0.634545
0.8 0.636349
0.82 0.639595
0.84 0.642237
0.86 0.643457
0.88 0.645832
0.9 0.647537
0.92 0.647691
0.94 0.650375
0.96 0.651661
0.98 0.653715
1 0.654323
