0 0
0.02 0
0.04 0
0.06 0
0.08 0
0.1 0
0.12 0
0.14 0
0.16 0
0.18 0
0.2 0
0.22 0
0.24 0
0.26 0.000144289
0.28 0.000801603
0.3 0.00634469
0.32 0.0297715
0.34 0.102918
0.36 0.185559
0.38 0.253872
0.4 0.297651
0.42 0.338705
0.44 0.365006
0.46 0.389884
0.48 0.403158
0.5 0.425343
0.52 0.43606
0.54 0.45283
0.56 0.461411
0.58 0.472088
0.6 0.482742
0.62 0.487715
0.64 0.499375
0.66 0.503102
0.68 0.509371
0.7 0.516208
0.72 0.520641
0.74 0.525058
0.76 0.53014
0.78 0.534721
0.8 0.537439
0.82 0.539868
0.84 0.54418
0.86 0.547142
0.88 0.549295
0.9 0.552746
0.92 0.553695
0.94 0.556754
0.96 0.557683
0.98 0.55921
1 0.560573
