0 0.00141483
0.02 0.0479359
0.04 0.289315
0.06 0.48808
0.08 0.595415
0.1 0.661519
0.12 0.708565
0.14 0.743695
0.16 0.767263
0.18 0.787483
0.2 0.803447
0.22 0.818204
0.24 0.828701
0.26 0.837603
0.28 0.844
0.3 0.850589
0.32 0.858629
0.34 0.862794
0.36 0.867828
0.38 0.873643
0.4 0.876517
0.42 0.879511
0.44 0.880136
0.46 0.88315
0.48 0.887555
0.5 0.888465
0.52 0.890148
0.54 0.89295
0.56 0.894012
0.58 0.895551
0.6 0.896393
0.62 0.898353
0.64 0.89897
0.66 0.899306
0.68 0.900489
0.7 0.90192
0.72 0.902565
0.74 0.903122
0.76 0.905054
0.78 0.903635
0.8 0.905607
0.82 0.903571
0.84 0.907094
0.86 0.906533
0.88 0.905992
0.9 0.906709
0.92 0.90709
0.94 0.907299
0.96 0.907395
0.98 0.906629
1 0.908104
