0 0.00311403
0.02 0.00643006
0.04 0.0129319
0.06 0.029002
0.08 0.063706
0.1 0.14123
0.12 0.259593
0.14 0.375636
0.16 0.465706
0.18 0.529282
0.2 0.576853
0.22 0.613173
0.24 0.641259
0.26 0.663597
0.28 0.681964
0.3 0.697734
0.32 0.711149
0.34 0.722185
0.36 0.731496
0.38 0.740112
0.4 0.747316
0.42 0.753613
0.44 0.758814
0.46 0.763547
0.48 0.768218
0.5 0.771718
0.52 0.77553
0.54 0.778094
0.56 0.780932
0.58 0.782858
0.6 0.78541
0.62 0.787435
0.64 0.789002
0.66 0.790412
0.68 0.791946
0.7 0.793088
0.72 0.793882
0.74 0.794815
0.76 0.79574
0.78 0.796272
0.8 0.797138
0.82 0.797376
0.84 0.798017
0.86 0.798109
0.88 0.798406
0.9 0.798639
0.92 0.79917
0.94 0.798979
0.96 0.799289
0.98 0.799466
1 0.799443
