0 0
0.02 0
0.04 0
0.06 0.000617235
0.08 0.032481
0.1 0.0948537
0.12 0.144834
0.14 0.190235
0.16 0.231655
0.18 0.267856
0.2 0.301551
0.22 0.329295
0.24 0.359054
0.26 0.383337
0.28 0.405916
0.3 0.426431
0.32 0.446042
0.34 0.461042
0.36 0.477968
0.38 0.493016
0.4 0.50513
0.42 0.517689
0.44 0.526407
0.46 0.536896
0.48 0.547301
0.5 0.555962
0.52 0.562697
0.54 0.571206
0.56 0.579349
0.58 0.585116
0.6 0.591543
0.62 0.596645
0.64 0.601359
0.66 0.607126
0.68 0.61016
0.7 0.615144
0.72 0.620176
0.74 0.622595
0.76 0.626968
0.78 0.629226
0.8 0.631579
0.82 0.634732
0.84 0.637158
0.86 0.638609
0.88 0.642784
0.9 0.644589
0.92 0.646565
0.94 0.647649
0.96 0.649794
0.98 0.650393
1 0.653302
