0 0.0032513
0.02 0.00988497
0.04 0.0606435
0.06 0.163645
0.08 0.249605
0.1 0.317909
0.12 0.372961
0.14 0.417466
0.16 0.454259
0.18 0.486374
0.2 0.514429
0.22 0.537104
0.24 0.558424
0.26 0.577826
0.28 0.594098
0.3 0.609134
0.32 0.623149
0.34 0.634408
0.36 0.64516
0.38 0.655992
0.4 0.664708
0.42 0.6732
0.44 0.680497
0.46 0.687866
0.48 0.695639
0.5 0.701566
0.52 0.706209
0.54 0.712837
0.56 0.717523
0.58 0.72193
0.6 0.726999
0.62 0.730556
0.64 0.734547
0.66 0.73825
0.68 0.741682
0.7 0.744813
0.72 0.747508
0.74 0.750455
0.76 0.753244
0.78 0.755907
0.8 0.75863
0.82 0.760784
0.84 0.763
0.86 0.76511
0.88 0.766754
0.9 0.768403
0.92 0.770362
0.94 0.772263
0.96 0.773599
0.98 0.77512
1 0.776741
