0 0
0.02 0
0.04 0
0.06 0
0.08 0
0.1 0
0.12 2.80561e-05
0.14 0.000316633
0.16 0.00164329
0.18 0.00531062
0.2 0.0339359
0.22 0.0952024
0.24 0.204377
0.26 0.294008
0.28 0.365291
0.3 0.404737
0.32 0.439295
0.34 0.473816
0.36 0.495595
0.38 0.510349
0.4 0.533928
0.42 0.545824
0.44 0.55909
0.46 0.572517
0.48 0.580453
0.5 0.5902
0.52 0.598321
0.54 0.605515
0.56 0.611743
0.58 0.616946
0.6 0.621635
0.62 0.626597
0.64 0.63014
0.66 0.635403
0.68 0.637603
0.7 0.641824
0.72 0.64481
0.74 0.647415
0.76 0.649267
0.78 0.650445
0.8 0.654621
0.82 0.655283
0.84 0.656369
0.86 0.657707
0.88 0.657655
0.9 0.660068
0.92 0.661832
0.94 0.661435
0.96 0.662
0.98 0.663335
1 0.663575
