0 1.002e-06
0.02 4.20842e-06
0.04 2.92585e-05
0.06 0.000135471
0.08 0.000697194
0.1 0.00373828
0.12 0.0221625
0.14 0.0685172
0.16 0.102398
0.18 0.13319
0.2 0.160147
0.22 0.185648
0.24 0.207885
0.26 0.228984
0.28 0.248359
0.3 0.266172
0.32 0.282477
0.34 0.297413
0.36 0.312224
0.38 0.325546
0.4 0.337414
0.42 0.349549
0.44 0.360182
0.46 0.370565
0.48 0.380266
0.5 0.389886
0.52 0.398591
0.54 0.407518
0.56 0.415331
0.58 0.422933
0.6 0.430215
0.62 0.437331
0.64 0.443823
0.66 0.450266
0.68 0.45649
0.7 0.462266
0.72 0.467733
0.74 0.473174
0.76 0.477778
0.78 0.482864
0.8 0.488018
0.82 0.492763
0.84 0.497133
0.86 0.50115
0.88 0.50518
0.9 0.509416
0.92 0.513154
0.94 0.516934
0.96 0.520503
0.98 0.524075
1 0.526977
