0 0.00115832
0.02 0.0270381
0.04 0.15996
0.06 0.404541
0.08 0.591363
0.1 0.687932
0.12 0.743888
0.14 0.77729
0.16 0.803331
0.18 0.820473
0.2 0.833387
0.22 0.843419
0.24 0.85505
0.26 0.861407
0.28 0.869659
0.3 0.875002
0.32 0.879851
0.34 0.882485
0.36 0.884934
0.38 0.890052
0.4 0.891603
0.42 0.893824
0.44 0.896457
0.46 0.89796
0.48 0.899186
0.5 0.898922
0.52 0.90119
0.54 0.902497
0.56 0.903347
0.58 0.90499
0.6 0.906052
0.62 0.905034
0.64 0.905972
0.66 0.905583
0.68 0.907647
0.7 0.906898
0.72 0.908168
0.74 0.907559
0.76 0.908024
0.78 0.908521
0.8 0.908605
0.82 0.908673
0.84 0.908513
0.86 0.90909
0.88 0.909551
0.9 0.90917
0.92 0.909736
0.94 0.908798
0.96 0.908513
0.98 0.909395
1 0.90905
