0 0
0.02 0
0.04 0
0.06 0.000216433
0.08 0.0299198
0.1 0.0973507
0.12 0.146285
0.14 0.191259
0.16 0.228313
0.18 0.261
0.2 0.289715
0.22 0.315164
0.24 0.338828
0.26 0.359002
0.28 0.377962
0.3 0.395691
0.32 0.412854
0.34 0.425745
0.36 0.440541
0.38 0.45113
0.4 0.464042
0.42 0.475202
0.44 0.485738
0.46 0.494479
0.48 0.504816
0.5 0.513824
0.52 0.519507
0.54 0.528926
0.56 0.534575
0.58 0.541637
0.6 0.548487
0.62 0.552924
0.64 0.559715
0.66 0.565301
0.68 0.570136
0.7 0.574657
0.72 0.579525
0.74 0.583593
0.76 0.588864
0.78 0.592415
0.8 0.59684
0.82 0.600539
0.84 0.603735
0.86 0.607984
0.88 0.61005
0.9 0.614078
0.92 0.61787
0.94 0.62001
0.96 0.622661
0.98 0.626483
1 0.628273
