0 0.00317956
0.02 0.00674028
0.04 0.0167587
0.06 0.0575421
0.08 0.159653
0.1 0.272481
0.12 0.363893
0.14 0.433887
0.16 0.488339
0.18 0.530656
0.2 0.565228
0.22 0.594199
0.24 0.618536
0.26 0.638252
0.28 0.655402
0.3 0.670181
0.32 0.683941
0.34 0.694393
0.36 0.705266
0.38 0.713655
0.4 0.721371
0.42 0.728372
0.44 0.735122
0.46 0.740765
0.48 0.746002
0.5 0.750629
0.52 0.754774
0.54 0.758742
0.56 0.762241
0.58 0.765817
0.6 0.768539
0.62 0.771264
0.64 0.773779
0.66 0.776385
0.68 0.778209
0.7 0.779962
0.72 0.781798
0.74 0.783556
0.76 0.785081
0.78 0.786471
0.8 0.787594
0.82 0.788749
0.84 0.789853
0.86 0.790838
0.88 0.791696
0.9 0.792746
0.92 0.793598
0.94 0.794236
0.96 0.79478
0.98 0.795172
1 0.796109
