0 0
0.02 0
0.04 0
0.06 0
0.08 0
0.1 0
0.12 0.00917034
0.14 0.0612024
0.16 0.096513
0.18 0.128273
0.2 0.159864
0.22 0.185511
0.24 0.21087
0.26 0.234806
0.28 0.257226
0.3 0.277904
0.32 0.298128
0.34 0.314826
0.36 0.331158
0.38 0.347591
0.4 0.362096
0.42 0.375659
0.44 0.388389
0.46 0.401691
0.48 0.410144
0.5 0.422938
0.52 0.432345
0.54 0.441038
0.56 0.449751
0.58 0.458417
0.6 0.463996
0.62 0.472209
0.64 0.478862
0.66 0.487431
0.68 0.491603
0.7 0.497162
0.72 0.503375
0.74 0.507323
0.76 0.513062
0.78 0.517816
0.8 0.520469
0.82 0.526128
0.84 0.528204
0.86 0.530209
0.88 0.534353
0.9 0.538709
0.92 0.539134
0.94 0.543198
0.96 0.545363
0.98 0.546529
1 0.549435
