0 0
0.02 0.0171639
0.04 0.0586569
0.06 0.0894819
0.08 0.115354
0.1 0.139068
0.12 0.160998
0.14 0.181973
0.16 0.200671
0.18 0.21913
0.2 0.237402
0.22 0.254484
0.24 0.270357
0.26 0.285434
0.28 0.299713
0.3 0.313062
0.32 0.326709
0.34 0.338592
0.36 0.350751
0.38 0.361963
0.4 0.372995
0.42 0.382947
0.44 0.392043
0.46 0.40151
0.48 0.410201
0.5 0.418522
0.52 0.426216
0.54 0.433517
0.56 0.441244
0.58 0.447888
0.6 0.454169
0.62 0.461038
0.64 0.467265
0.66 0.473533
0.68 0.477692
0.7 0.483345
0.72 0.488602
0.74 0.49336
0.76 0.498746
0.78 0.502899
0.8 0.507602
0.82 0.511314
0.84 0.515358
0.86 0.519367
0.88 0.522582
0.9 0.526494
0.92 0.529655
0.94 0.533263
0.96 0.536838
0.98 0.539259
1 0.542249
