0 0.000127205
0.02 0.044571
0.04 0.100506
0.06 0.143627
0.08 0.180478
0.1 0.214315
0.12 0.245484
0.14 0.273975
0.16 0.300661
0.18 0.324846
0.2 0.347434
0.22 0.367755
0.24 0.387034
0.26 0.404231
0.28 0.420471
0.3 0.435093
0.32 0.449355
0.34 0.462121
0.36 0.474388
0.38 0.485408
0.4 0.496141
0.42 0.505879
0.44 0.515071
0.46 0.523658
0.48 0.531982
0.5 0.539598
0.52 0.546898
0.54 0.553667
0.56 0.560187
0.58 0.56657
0.6 0.572157
0.62 0.577446
0.64 0.583051
0.66 0.587804
0.68 0.592598
0.7 0.597098
0.72 0.601367
0.74 0.605292
0.76 0.60914
0.78 0.612914
0.8 0.616321
0.82 0.619695
0.84 0.622885
0.86 0.625932
0.88 0.628774
0.9 0.63164
0.92 0.634132
0.94 0.636695
0.96 0.638992
0.98 0.641289
1 0.643457
