0 0.00284227
0.02 0.115658
0.04 0.207261
0.06 0.279715
0.08 0.340643
0.1 0.392241
0.12 0.435713
0.14 0.47243
0.16 0.50404
0.18 0.531567
0.2 0.555767
0.22 0.57658
0.24 0.595235
0.26 0.61235
0.28 0.626828
0.3 0.640387
0.32 0.652538
0.34 0.663821
0.36 0.673447
0.38 0.682584
0.4 0.69099
0.42 0.698634
0.44 0.705778
0.46 0.712294
0.48 0.718237
0.5 0.723965
0.52 0.729185
0.54 0.733834
0.56 0.73865
0.58 0.742709
0.6 0.74681
0.62 0.750381
0.64 0.753988
0.66 0.757117
0.68 0.760205
0.7 0.76311
0.72 0.765842
0.74 0.768379
0.76 0.771067
0.78 0.773208
0.8 0.775253
0.82 0.77716
0.84 0.779167
0.86 0.780922
0.88 0.782606
0.9 0.784219
0.92 0.785797
0.94 0.787166
0.96 0.78856
0.98 0.789827
1 0.791043
