0 0
0.02 0
0.04 0.0507017
0.06 0.147074
0.08 0.233308
0.1 0.305695
0.12 0.361041
0.14 0.407488
0.16 0.444371
0.18 0.475156
0.2 0.499781
0.22 0.520645
0.24 0.538904
0.26 0.554014
0.28 0.566608
0.3 0.578805
0.32 0.587952
0.34 0.597396
0.36 0.604749
0.38 0.612172
0.4 0.616961
0.42 0.622733
0.44 0.627442
0.46 0.632039
0.48 0.635239
0.5 0.638444
0.52 0.641572
0.54 0.644065
0.56 0.646348
0.58 0.648579
0.6 0.650906
0.62 0.652305
0.64 0.653848
0.66 0.65539
0.68 0.656548
0.7 0.657232
0.72 0.659092
0.74 0.659728
0.76 0.660657
0.78 0.661353
0.8 0.661988
0.82 0.662468
0.84 0.66274
0.86 0.663669
0.88 0.663938
0.9 0.664292
0.92 0.664342
0.94 0.664971
0.96 0.665166
0.98 0.66545
1 0.66594
