0 0.00129665
0.02 0.363037
0.04 0.603381
0.06 0.706569
0.08 0.761719
0.1 0.797839
0.12 0.820661
0.14 0.83857
0.16 0.851849
0.18 0.861133
0.2 0.870126
0.22 0.875672
0.24 0.880221
0.26 0.884577
0.28 0.888657
0.3 0.891408
0.32 0.893727
0.34 0.895666
0.36 0.897661
0.38 0.899411
0.4 0.900885
0.42 0.902037
0.44 0.90293
0.46 0.90344
0.48 0.904418
0.5 0.905232
0.52 0.906023
0.54 0.906295
0.56 0.906854
0.58 0.907313
0.6 0.90715
0.62 0.907935
0.64 0.90822
0.66 0.908124
0.68 0.908176
0.7 0.908184
0.72 0.90857
0.74 0.908425
0.76 0.909315
0.78 0.90899
0.8 0.908861
0.82 0.908811
0.84 0.909149
0.86 0.909068
0.88 0.909052
0.9 0.909002
0.92 0.908818
0.94 0.909297
0.96 0.908952
0.98 0.90923
1 0.909145
