0 0
0.02 0
0.04 1.10589e-06
0.06 0.0456765
0.08 0.102664
0.1 0.160464
0.12 0.211277
0.14 0.255718
0.16 0.294223
0.18 0.326854
0.2 0.35521
0.22 0.379142
0.24 0.400843
0.26 0.419554
0.28 0.435718
0.3 0.449459
0.32 0.462321
0.34 0.472874
0.36 0.482415
0.38 0.491534
0.4 0.499589
0.42 0.506884
0.44 0.512807
0.46 0.518436
0.48 0.523388
0.5 0.528211
0.52 0.53181
0.54 0.535554
0.56 0.539279
0.58 0.542375
0.6 0.545492
0.62 0.547677
0.64 0.549918
0.66 0.552052
0.68 0.553821
0.7 0.555381
0.72 0.556798
0.74 0.558066
0.76 0.559522
0.78 0.560425
0.8 0.562023
0.82 0.562822
0.84 0.56368
0.86 0.564829
0.88 0.56514
0.9 0.565885
0.92 0.566271
0.94 0.566832
0.96 0.567443
0.98 0.568054
1 0.568485
