0 0.00278665
0.02 0.0680572
0.04 0.259388
0.06 0.402294
0.08 0.49623
0.1 0.560712
0.12 0.607282
0.14 0.641898
0.16 0.667581
0.18 0.688765
0.2 0.705319
0.22 0.718718
0.24 0.730154
0.26 0.73972
0.28 0.747713
0.3 0.754386
0.32 0.760242
0.34 0.765361
0.36 0.76969
0.38 0.773316
0.4 0.776811
0.42 0.779621
0.44 0.782019
0.46 0.784483
0.48 0.786406
0.5 0.788048
0.52 0.789619
0.54 0.790962
0.56 0.792197
0.58 0.793218
0.6 0.79415
0.62 0.794951
0.64 0.795668
0.66 0.796344
0.68 0.796875
0.7 0.797303
0.72 0.797743
0.74 0.798036
0.76 0.798388
0.78 0.798673
0.8 0.798907
0.82 0.7991
0.84 0.799222
0.86 0.799419
0.88 0.799507
0.9 0.799637
0.92 0.799634
0.94 0.799733
0.96 0.799841
0.98 0.799861
1 0.799969
