0 0
0.02 0
0.04 0
0.06 0
0.08 8.29417e-06
0.1 0.0258972
0.12 0.13867
0.14 0.213547
0.16 0.275687
0.18 0.320697
0.2 0.357938
0.22 0.388659
0.24 0.411302
0.26 0.43269
0.28 0.45037
0.3 0.465571
0.32 0.478858
0.34 0.489024
0.36 0.49903
0.38 0.50676
0.4 0.515156
0.42 0.519906
0.44 0.526483
0.46 0.530622
0.48 0.535889
0.5 0.539574
0.52 0.542035
0.54 0.546143
0.56 0.54739
0.58 0.549635
0.6 0.552914
0.62 0.554321
0.64 0.556384
0.66 0.557481
0.68 0.559574
0.7 0.560774
0.72 0.561211
0.74 0.562585
0.76 0.563962
0.78 0.563481
0.8 0.56525
0.82 0.564985
0.84 0.565502
0.86 0.566807
0.88 0.567827
0.9 0.567578
0.92 0.568515
0.94 0.568275
0.96 0.568001
0.98 0.568148
1 0.569425
