0 0.00278825
0.02 0.0161842
0.04 0.168357
0.06 0.382427
0.08 0.503668
0.1 0.578412
0.12 0.62763
0.14 0.662261
0.16 0.687675
0.18 0.70745
0.2 0.722786
0.22 0.735069
0.24 0.745061
0.26 0.753327
0.28 0.760195
0.3 0.765816
0.32 0.770385
0.34 0.774581
0.36 0.777969
0.38 0.780848
0.4 0.783258
0.42 0.785392
0.44 0.787348
0.46 0.789004
0.48 0.790349
0.5 0.791493
0.52 0.792546
0.54 0.793604
0.56 0.794352
0.58 0.79502
0.6 0.795613
0.62 0.796189
0.64 0.796699
0.66 0.79704
0.68 0.797496
0.7 0.797723
0.72 0.798
0.74 0.798239
0.76 0.798494
0.78 0.798675
0.8 0.798848
0.82 0.799034
0.84 0.799156
0.86 0.79921
0.88 0.799353
0.9 0.799414
0.92 0.799572
0.94 0.79949
0.96 0.799537
0.98 0.799673
1 0.799677
