0 0
0.02 0
0.04 0
0.06 0.00566547
0.08 0.148183
0.1 0.26941
0.12 0.351816
0.14 0.412255
0.16 0.456915
0.18 0.49105
0.2 0.51763
0.22 0.540701
0.24 0.558813
0.26 0.573412
0.28 0.586422
0.3 0.596613
0.32 0.605746
0.34 0.612958
0.36 0.619324
0.38 0.62547
0.4 0.629585
0.42 0.635142
0.44 0.638824
0.46 0.641651
0.48 0.644626
0.5 0.646938
0.52 0.649254
0.54 0.651193
0.56 0.652937
0.58 0.654119
0.6 0.655785
0.62 0.656953
0.64 0.65776
0.66 0.658829
0.68 0.659642
0.7 0.660282
0.72 0.66124
0.74 0.662112
0.76 0.662225
0.78 0.663007
0.8 0.663432
0.82 0.66357
0.84 0.663869
0.86 0.664074
0.88 0.66434
0.9 0.664822
0.92 0.664703
0.94 0.665265
0.96 0.665389
0.98 0.665351
1 0.665834
