0 0.00125187
0.02 0.301939
0.04 0.620565
0.06 0.729082
0.08 0.782488
0.1 0.814123
0.12 0.836615
0.14 0.851197
0.16 0.862261
0.18 0.871087
0.2 0.877759
0.22 0.883326
0.24 0.887471
0.26 0.89088
0.28 0.894226
0.3 0.896122
0.32 0.898004
0.34 0.899451
0.36 0.901298
0.38 0.90259
0.4 0.903614
0.42 0.903636
0.44 0.904649
0.46 0.905211
0.48 0.90578
0.5 0.906094
0.52 0.906272
0.54 0.907084
0.56 0.90756
0.58 0.90752
0.6 0.907719
0.62 0.90767
0.64 0.908449
0.66 0.908054
0.68 0.908625
0.7 0.908157
0.72 0.908732
0.74 0.908891
0.76 0.908837
0.78 0.90851
0.8 0.908719
0.82 0.908976
0.84 0.908961
0.86 0.909022
0.88 0.908934
0.9 0.908858
0.92 0.909328
0.94 0.908963
0.96 0.909122
0.98 0.909265
1 0.908836
