0 0.00131877
0.02 0.227855
0.04 0.633127
0.06 0.745157
0.08 0.797743
0.1 0.828927
0.12 0.849847
0.14 0.862991
0.16 0.87292
0.18 0.88015
0.2 0.885907
0.22 0.890381
0.24 0.89411
0.26 0.897118
0.28 0.899561
0.3 0.901206
0.32 0.90306
0.34 0.903869
0.36 0.904815
0.38 0.905995
0.4 0.906984
0.42 0.9068
0.44 0.907385
0.46 0.908042
0.48 0.908335
0.5 0.908238
0.52 0.908571
0.54 0.908856
0.56 0.908598
0.58 0.909162
0.6 0.908546
0.62 0.909155
0.64 0.908994
0.66 0.908703
0.68 0.909036
0.7 0.908912
0.72 0.909078
0.74 0.908928
0.76 0.909409
0.78 0.909202
0.8 0.909297
0.82 0.909039
0.84 0.909268
0.86 0.909224
0.88 0.909157
0.9 0.908788
0.92 0.908866
0.94 0.909177
0.96 0.909031
0.98 0.909215
1 0.909187
