0 0
0.02 0
0.04 0
0.06 0
0.08 0
0.1 7.74122e-06
0.12 0.000837711
0.14 0.0362991
0.16 0.178938
0.18 0.283
0.2 0.340942
0.22 0.383752
0.24 0.413977
0.26 0.438767
0.28 0.458571
0.3 0.474179
0.32 0.48882
0.34 0.49995
0.36 0.509519
0.38 0.518004
0.4 0.525467
0.42 0.53198
0.44 0.536588
0.46 0.54166
0.48 0.545037
0.5 0.549057
0.52 0.551842
0.54 0.55462
0.56 0.55663
0.58 0.559346
0.6 0.560445
0.62 0.562105
0.64 0.563396
0.66 0.564187
0.68 0.565295
0.7 0.566675
0.72 0.567365
0.74 0.567933
0.76 0.56807
0.78 0.56845
0.8 0.569316
0.82 0.569232
0.84 0.569323
0.86 0.57025
0.88 0.570341
0.9 0.570665
0.92 0.570616
0.94 0.570611
0.96 0.570739
0.98 0.571046
1 0.571053
