0 0.00282842
0.02 0.0131663
0.04 0.0893845
0.06 0.334215
0.08 0.498588
0.1 0.586999
0.12 0.641691
0.14 0.678006
0.16 0.703826
0.18 0.723159
0.2 0.737834
0.22 0.749268
0.24 0.758433
0.26 0.765838
0.28 0.771955
0.3 0.776857
0.32 0.780802
0.34 0.78427
0.36 0.786988
0.38 0.789299
0.4 0.791077
0.42 0.792764
0.44 0.794114
0.46 0.795141
0.48 0.796152
0.5 0.796762
0.52 0.797342
0.54 0.797998
0.56 0.798295
0.58 0.798624
0.6 0.798984
0.62 0.799154
0.64 0.799367
0.66 0.799575
0.68 0.799664
0.7 0.799789
0.72 0.799836
0.74 0.799872
0.76 0.799915
0.78 0.79992
0.8 0.79998
0.82 0.800002
0.84 0.800087
0.86 0.799936
0.88 0.800011
0.9 0.79992
0.92 0.800027
0.94 0.800025
0.96 0.79988
0.98 0.799939
1 0.800052
