0 0
0.02 0
0.04 0
0.06 9.84241e-05
0.08 0.0100415
0.1 0.145
0.12 0.316853
0.14 0.402471
0.16 0.458419
0.18 0.498478
0.2 0.52902
0.22 0.55284
0.24 0.573026
0.26 0.587472
0.28 0.600189
0.3 0.610789
0.32 0.618853
0.34 0.626122
0.36 0.632005
0.38 0.637709
0.4 0.641861
0.42 0.645958
0.44 0.648921
0.46 0.651742
0.48 0.654085
0.5 0.655956
0.52 0.658116
0.54 0.658398
0.56 0.660411
0.58 0.660743
0.6 0.662222
0.62 0.662627
0.64 0.663644
0.66 0.663996
0.68 0.664733
0.7 0.665108
0.72 0.665392
0.74 0.665356
0.76 0.66562
0.78 0.664861
0.8 0.665894
0.82 0.66645
0.84 0.666434
0.86 0.666043
0.88 0.666662
0.9 0.666239
0.92 0.666088
0.94 0.666999
0.96 0.666485
0.98 0.666817
1 0.666504
