0 0.00129555
0.02 0.266437
0.04 0.424728
0.06 0.528886
0.08 0.599353
0.1 0.651275
0.12 0.689902
0.14 0.719458
0.16 0.743924
0.18 0.763819
0.2 0.779392
0.22 0.794127
0.24 0.805188
0.26 0.814851
0.28 0.823928
0.3 0.832022
0.32 0.838475
0.34 0.845349
0.36 0.850333
0.38 0.855525
0.4 0.859275
0.42 0.863801
0.44 0.867283
0.46 0.870718
0.48 0.873729
0.5 0.876702
0.52 0.878626
0.54 0.882218
0.56 0.884011
0.58 0.886324
0.6 0.887572
0.62 0.889449
0.64 0.890865
0.66 0.893002
0.68 0.893768
0.7 0.895368
0.72 0.896218
0.74 0.897747
0.76 0.898362
0.78 0.899592
0.8 0.900666
0.82 0.901521
0.84 0.902144
0.86 0.903005
0.88 0.903388
0.9 0.904366
0.92 0.904688
0.94 0.905752
0.96 0.906148
0.98 0.906785
1 0.90699
