0 0
0.02 0
0.04 0
0.06 0.000320641
0.08 0.0277876
0.1 0.093018
0.12 0.140289
0.14 0.177912
0.16 0.209924
0.18 0.237299
0.2 0.263559
0.22 0.283074
0.24 0.304577
0.26 0.322385
0.28 0.337647
0.3 0.354421
0.32 0.365479
0.34 0.378914
0.36 0.390629
0.38 0.401355
0.4 0.410565
0.42 0.418401
0.44 0.426878
0.46 0.435748
0.48 0.444826
0.5 0.451291
0.52 0.457687
0.54 0.464697
0.56 0.468044
0.58 0.473367
0.6 0.480906
0.62 0.486902
0.64 0.491591
0.66 0.496689
0.68 0.499355
0.7 0.504589
0.72 0.509222
0.74 0.512629
0.76 0.516433
0.78 0.519984
0.8 0.521427
0.82 0.525892
0.84 0.529611
0.86 0.531723
0.88 0.534565
0.9 0.537435
0.92 0.539832
0.94 0.542722
0.96 0.544946
0.98 0.546437
1 0.548798
