0 0.00112625
0.02 0.252421
0.04 0.464882
0.06 0.577194
0.08 0.646994
0.1 0.690894
0.12 0.72594
0.14 0.753311
0.16 0.774573
0.18 0.790401
0.2 0.804581
0.22 0.816365
0.24 0.824489
0.26 0.836513
0.28 0.839723
0.3 0.847587
0.32 0.851732
0.34 0.85804
0.36 0.863583
0.38 0.866217
0.4 0.868942
0.42 0.872421
0.44 0.874829
0.46 0.878978
0.48 0.881295
0.5 0.883964
0.52 0.885347
0.54 0.886449
0.56 0.887243
0.58 0.890409
0.6 0.889695
0.62 0.892457
0.64 0.89408
0.66 0.894822
0.68 0.896048
0.7 0.89719
0.72 0.898353
0.74 0.899575
0.76 0.900152
0.78 0.900906
0.8 0.900749
0.82 0.902401
0.84 0.902004
0.86 0.902866
0.88 0.903844
0.9 0.903607
0.92 0.904425
0.94 0.904934
0.96 0.905767
0.98 0.905427
1 0.906906
