0 0
0.02 0
0.04 0
0.06 0
0.08 0
0.1 0.00040481
0.12 0.0159599
0.14 0.0638597
0.16 0.0969258
0.18 0.128705
0.2 0.152357
0.22 0.178649
0.24 0.196826
0.26 0.222076
0.28 0.240517
0.3 0.256818
0.32 0.27079
0.34 0.289439
0.36 0.302794
0.38 0.317074
0.4 0.329102
0.42 0.340649
0.44 0.354733
0.46 0.365371
0.48 0.375908
0.5 0.386661
0.52 0.393731
0.54 0.403255
0.56 0.411178
0.58 0.420285
0.6 0.428577
0.62 0.436421
0.64 0.443022
0.66 0.450305
0.68 0.456609
0.7 0.464028
0.72 0.468786
0.74 0.475243
0.76 0.480525
0.78 0.485399
0.8 0.490533
0.82 0.496333
0.84 0.501066
0.86 0.508076
0.88 0.510237
0.9 0.515559
0.92 0.518297
0.94 0.523651
0.96 0.527888
0.98 0.531996
1 0.534309
