0 0
0.02 0
0.04 0
0.06 0.000773547
0.08 0.0328136
0.1 0.0922685
0.12 0.141307
0.14 0.182313
0.16 0.218333
0.18 0.250361
0.2 0.279178
0.22 0.307391
0.24 0.331126
0.26 0.35202
0.28 0.370172
0.3 0.38883
0.32 0.40794
0.34 0.418653
0.36 0.434373
0.38 0.451323
0.4 0.460517
0.42 0.473266
0.44 0.485671
0.46 0.494493
0.48 0.499739
0.5 0.513852
0.52 0.521972
0.54 0.531267
0.56 0.53776
0.58 0.545062
0.6 0.553623
0.62 0.55895
0.64 0.567287
0.66 0.56907
0.68 0.576204
0.7 0.582665
0.72 0.58782
0.74 0.593262
0.76 0.598256
0.78 0.601411
0.8 0.604517
0.82 0.608886
0.84 0.614593
0.86 0.616922
0.88 0.620681
0.9 0.625058
0.92 0.626894
0.94 0.630333
0.96 0.631868
0.98 0.634621
1 0.638902
